# Task deadlines (shelf_id -> absolute delivery-by step). Scrambled so PRIORITY != FIFO.
# covers ids 1..600 so it works for larger warehouses too.
shelf, deadline
1, 147
2, 184
3, 221
4, 258
5, 295
6, 332
7, 369
8, 406
9, 443
10, 140
11, 177
12, 214
13, 251
14, 288
15, 325
16, 362
17, 399
18, 436
19, 133
20, 170
21, 207
22, 244
23, 281
24, 318
25, 355
26, 392
27, 429
28, 126
29, 163
30, 200
31, 237
32, 274
33, 311
34, 348
35, 385
36, 422
37, 119
38, 156
39, 193
40, 230
41, 267
42, 304
43, 341
44, 378
45, 415
46, 112
47, 149
48, 186
49, 223
50, 260
51, 297
52, 334
53, 371
54, 408
55, 445
56, 142
57, 179
58, 216
59, 253
60, 290
61, 327
62, 364
63, 401
64, 438
65, 135
66, 172
67, 209
68, 246
69, 283
70, 320
71, 357
72, 394
73, 431
74, 128
75, 165
76, 202
77, 239
78, 276
79, 313
80, 350
81, 387
82, 424
83, 121
84, 158
85, 195
86, 232
87, 269
88, 306
89, 343
90, 380
91, 417
92, 114
93, 151
94, 188
95, 225
96, 262
97, 299
98, 336
99, 373
100, 410
101, 447
102, 144
103, 181
104, 218
105, 255
106, 292
107, 329
108, 366
109, 403
110, 440
111, 137
112, 174
113, 211
114, 248
115, 285
116, 322
117, 359
118, 396
119, 433
120, 130
121, 167
122, 204
123, 241
124, 278
125, 315
126, 352
127, 389
128, 426
129, 123
130, 160
131, 197
132, 234
133, 271
134, 308
135, 345
136, 382
137, 419
138, 116
139, 153
140, 190
141, 227
142, 264
143, 301
144, 338
145, 375
146, 412
147, 449
148, 146
149, 183
150, 220
151, 257
152, 294
153, 331
154, 368
155, 405
156, 442
157, 139
158, 176
159, 213
160, 250
161, 287
162, 324
163, 361
164, 398
165, 435
166, 132
167, 169
168, 206
169, 243
170, 280
171, 317
172, 354
173, 391
174, 428
175, 125
176, 162
177, 199
178, 236
179, 273
180, 310
181, 347
182, 384
183, 421
184, 118
185, 155
186, 192
187, 229
188, 266
189, 303
190, 340
191, 377
192, 414
193, 111
194, 148
195, 185
196, 222
197, 259
198, 296
199, 333
200, 370
201, 407
202, 444
203, 141
204, 178
205, 215
206, 252
207, 289
208, 326
209, 363
210, 400
211, 437
212, 134
213, 171
214, 208
215, 245
216, 282
217, 319
218, 356
219, 393
220, 430
221, 127
222, 164
223, 201
224, 238
225, 275
226, 312
227, 349
228, 386
229, 423
230, 120
231, 157
232, 194
233, 231
234, 268
235, 305
236, 342
237, 379
238, 416
239, 113
240, 150
241, 187
242, 224
243, 261
244, 298
245, 335
246, 372
247, 409
248, 446
249, 143
250, 180
251, 217
252, 254
253, 291
254, 328
255, 365
256, 402
257, 439
258, 136
259, 173
260, 210
261, 247
262, 284
263, 321
264, 358
265, 395
266, 432
267, 129
268, 166
269, 203
270, 240
271, 277
272, 314
273, 351
274, 388
275, 425
276, 122
277, 159
278, 196
279, 233
280, 270
281, 307
282, 344
283, 381
284, 418
285, 115
286, 152
287, 189
288, 226
289, 263
290, 300
291, 337
292, 374
293, 411
294, 448
295, 145
296, 182
297, 219
298, 256
299, 293
300, 330
301, 367
302, 404
303, 441
304, 138
305, 175
306, 212
307, 249
308, 286
309, 323
310, 360
311, 397
312, 434
313, 131
314, 168
315, 205
316, 242
317, 279
318, 316
319, 353
320, 390
321, 427
322, 124
323, 161
324, 198
325, 235
326, 272
327, 309
328, 346
329, 383
330, 420
331, 117
332, 154
333, 191
334, 228
335, 265
336, 302
337, 339
338, 376
339, 413
340, 110
341, 147
342, 184
343, 221
344, 258
345, 295
346, 332
347, 369
348, 406
349, 443
350, 140
351, 177
352, 214
353, 251
354, 288
355, 325
356, 362
357, 399
358, 436
359, 133
360, 170
361, 207
362, 244
363, 281
364, 318
365, 355
366, 392
367, 429
368, 126
369, 163
370, 200
371, 237
372, 274
373, 311
374, 348
375, 385
376, 422
377, 119
378, 156
379, 193
380, 230
381, 267
382, 304
383, 341
384, 378
385, 415
386, 112
387, 149
388, 186
389, 223
390, 260
391, 297
392, 334
393, 371
394, 408
395, 445
396, 142
397, 179
398, 216
399, 253
400, 290
401, 327
402, 364
403, 401
404, 438
405, 135
406, 172
407, 209
408, 246
409, 283
410, 320
411, 357
412, 394
413, 431
414, 128
415, 165
416, 202
417, 239
418, 276
419, 313
420, 350
421, 387
422, 424
423, 121
424, 158
425, 195
426, 232
427, 269
428, 306
429, 343
430, 380
431, 417
432, 114
433, 151
434, 188
435, 225
436, 262
437, 299
438, 336
439, 373
440, 410
441, 447
442, 144
443, 181
444, 218
445, 255
446, 292
447, 329
448, 366
449, 403
450, 440
451, 137
452, 174
453, 211
454, 248
455, 285
456, 322
457, 359
458, 396
459, 433
460, 130
461, 167
462, 204
463, 241
464, 278
465, 315
466, 352
467, 389
468, 426
469, 123
470, 160
471, 197
472, 234
473, 271
474, 308
475, 345
476, 382
477, 419
478, 116
479, 153
480, 190
481, 227
482, 264
483, 301
484, 338
485, 375
486, 412
487, 449
488, 146
489, 183
490, 220
491, 257
492, 294
493, 331
494, 368
495, 405
496, 442
497, 139
498, 176
499, 213
500, 250
501, 287
502, 324
503, 361
504, 398
505, 435
506, 132
507, 169
508, 206
509, 243
510, 280
511, 317
512, 354
513, 391
514, 428
515, 125
516, 162
517, 199
518, 236
519, 273
520, 310
521, 347
522, 384
523, 421
524, 118
525, 155
526, 192
527, 229
528, 266
529, 303
530, 340
531, 377
532, 414
533, 111
534, 148
535, 185
536, 222
537, 259
538, 296
539, 333
540, 370
541, 407
542, 444
543, 141
544, 178
545, 215
546, 252
547, 289
548, 326
549, 363
550, 400
551, 437
552, 134
553, 171
554, 208
555, 245
556, 282
557, 319
558, 356
559, 393
560, 430
561, 127
562, 164
563, 201
564, 238
565, 275
566, 312
567, 349
568, 386
569, 423
570, 120
571, 157
572, 194
573, 231
574, 268
575, 305
576, 342
577, 379
578, 416
579, 113
580, 150
581, 187
582, 224
583, 261
584, 298
585, 335
586, 372
587, 409
588, 446
589, 143
590, 180
591, 217
592, 254
593, 291
594, 328
595, 365
596, 402
597, 439
598, 136
599, 173
600, 210
