# shelf  g   (per-task SLA hardness: steep=hard cliff, gentle=soft)
1 0.995
2 0.9
3 0.995
4 0.9
5 0.995
6 0.9
7 0.995
8 0.9
9 0.995
10 0.9
11 0.995
12 0.9
13 0.995
14 0.9
15 0.995
16 0.9
17 0.995
18 0.9
19 0.995
20 0.9
21 0.995
22 0.9
23 0.995
24 0.9
25 0.995
26 0.9
27 0.995
28 0.9
29 0.995
30 0.9
31 0.995
32 0.9
33 0.995
34 0.9
35 0.995
36 0.9
37 0.995
38 0.9
39 0.995
40 0.9
41 0.995
42 0.9
43 0.995
44 0.9
45 0.995
46 0.9
47 0.995
48 0.9
49 0.995
50 0.9
51 0.995
52 0.9
53 0.995
54 0.9
55 0.995
56 0.9
57 0.995
58 0.9
59 0.995
60 0.9
61 0.995
62 0.9
63 0.995
64 0.9
65 0.995
66 0.9
67 0.995
68 0.9
69 0.995
70 0.9
71 0.995
72 0.9
73 0.995
74 0.9
75 0.995
76 0.9
77 0.995
78 0.9
79 0.995
80 0.9
81 0.995
82 0.9
83 0.995
84 0.9
85 0.995
86 0.9
87 0.995
88 0.9
89 0.995
90 0.9
91 0.995
92 0.9
93 0.995
94 0.9
95 0.995
96 0.9
97 0.995
98 0.9
99 0.995
100 0.9
101 0.995
102 0.9
103 0.995
104 0.9
105 0.995
106 0.9
107 0.995
108 0.9
109 0.995
110 0.9
111 0.995
112 0.9
113 0.995
114 0.9
115 0.995
116 0.9
117 0.995
118 0.9
119 0.995
120 0.9
121 0.995
122 0.9
123 0.995
124 0.9
125 0.995
126 0.9
127 0.995
128 0.9
129 0.995
130 0.9
131 0.995
132 0.9
133 0.995
134 0.9
135 0.995
136 0.9
137 0.995
138 0.9
139 0.995
140 0.9
141 0.995
142 0.9
143 0.995
144 0.9
145 0.995
146 0.9
147 0.995
148 0.9
149 0.995
150 0.9
151 0.995
152 0.9
153 0.995
154 0.9
155 0.995
156 0.9
157 0.995
158 0.9
159 0.995
160 0.9
161 0.995
162 0.9
163 0.995
164 0.9
165 0.995
166 0.9
167 0.995
168 0.9
169 0.995
170 0.9
171 0.995
172 0.9
173 0.995
174 0.9
175 0.995
176 0.9
177 0.995
178 0.9
179 0.995
180 0.9
181 0.995
182 0.9
183 0.995
184 0.9
185 0.995
186 0.9
187 0.995
188 0.9
189 0.995
190 0.9
191 0.995
192 0.9
193 0.995
194 0.9
195 0.995
196 0.9
197 0.995
198 0.9
199 0.995
200 0.9
201 0.995
202 0.9
203 0.995
204 0.9
205 0.995
206 0.9
207 0.995
208 0.9
209 0.995
210 0.9
211 0.995
212 0.9
213 0.995
214 0.9
215 0.995
216 0.9
217 0.995
218 0.9
219 0.995
220 0.9
221 0.995
222 0.9
223 0.995
224 0.9
225 0.995
226 0.9
227 0.995
228 0.9
229 0.995
230 0.9
231 0.995
232 0.9
233 0.995
234 0.9
235 0.995
236 0.9
237 0.995
238 0.9
239 0.995
240 0.9
241 0.995
242 0.9
243 0.995
244 0.9
245 0.995
246 0.9
247 0.995
248 0.9
249 0.995
250 0.9
251 0.995
252 0.9
253 0.995
254 0.9
255 0.995
256 0.9
257 0.995
258 0.9
259 0.995
260 0.9
261 0.995
262 0.9
263 0.995
264 0.9
265 0.995
266 0.9
267 0.995
268 0.9
269 0.995
270 0.9
271 0.995
272 0.9
273 0.995
274 0.9
275 0.995
276 0.9
277 0.995
278 0.9
279 0.995
280 0.9
281 0.995
282 0.9
283 0.995
284 0.9
285 0.995
286 0.9
287 0.995
288 0.9
289 0.995
290 0.9
291 0.995
292 0.9
293 0.995
294 0.9
295 0.995
296 0.9
297 0.995
298 0.9
299 0.995
300 0.9
301 0.995
302 0.9
303 0.995
304 0.9
305 0.995
306 0.9
307 0.995
308 0.9
309 0.995
310 0.9
311 0.995
312 0.9
313 0.995
314 0.9
315 0.995
316 0.9
317 0.995
318 0.9
319 0.995
320 0.9
321 0.995
322 0.9
323 0.995
324 0.9
325 0.995
326 0.9
327 0.995
328 0.9
329 0.995
330 0.9
331 0.995
332 0.9
333 0.995
334 0.9
335 0.995
336 0.9
337 0.995
338 0.9
339 0.995
340 0.9
341 0.995
342 0.9
343 0.995
344 0.9
345 0.995
346 0.9
347 0.995
348 0.9
349 0.995
350 0.9
351 0.995
352 0.9
353 0.995
354 0.9
355 0.995
356 0.9
357 0.995
358 0.9
359 0.995
360 0.9
361 0.995
362 0.9
363 0.995
364 0.9
365 0.995
366 0.9
367 0.995
368 0.9
369 0.995
370 0.9
371 0.995
372 0.9
373 0.995
374 0.9
375 0.995
376 0.9
377 0.995
378 0.9
379 0.995
380 0.9
381 0.995
382 0.9
383 0.995
384 0.9
385 0.995
386 0.9
387 0.995
388 0.9
389 0.995
390 0.9
391 0.995
392 0.9
393 0.995
394 0.9
395 0.995
396 0.9
397 0.995
398 0.9
399 0.995
400 0.9
401 0.995
402 0.9
403 0.995
404 0.9
405 0.995
406 0.9
407 0.995
408 0.9
409 0.995
410 0.9
411 0.995
412 0.9
413 0.995
414 0.9
415 0.995
416 0.9
417 0.995
418 0.9
419 0.995
420 0.9
421 0.995
422 0.9
423 0.995
424 0.9
425 0.995
426 0.9
427 0.995
428 0.9
429 0.995
430 0.9
431 0.995
432 0.9
433 0.995
434 0.9
435 0.995
436 0.9
437 0.995
438 0.9
439 0.995
440 0.9
441 0.995
442 0.9
443 0.995
444 0.9
445 0.995
446 0.9
447 0.995
448 0.9
449 0.995
450 0.9
451 0.995
452 0.9
453 0.995
454 0.9
455 0.995
456 0.9
457 0.995
458 0.9
459 0.995
460 0.9
461 0.995
462 0.9
463 0.995
464 0.9
465 0.995
466 0.9
467 0.995
468 0.9
469 0.995
470 0.9
471 0.995
472 0.9
473 0.995
474 0.9
475 0.995
476 0.9
477 0.995
478 0.9
479 0.995
480 0.9
481 0.995
482 0.9
483 0.995
484 0.9
485 0.995
486 0.9
487 0.995
488 0.9
489 0.995
490 0.9
491 0.995
492 0.9
493 0.995
494 0.9
495 0.995
496 0.9
497 0.995
498 0.9
499 0.995
500 0.9
501 0.995
502 0.9
503 0.995
504 0.9
505 0.995
506 0.9
507 0.995
508 0.9
509 0.995
510 0.9
511 0.995
512 0.9
513 0.995
514 0.9
515 0.995
516 0.9
517 0.995
518 0.9
519 0.995
520 0.9
521 0.995
522 0.9
523 0.995
524 0.9
525 0.995
526 0.9
527 0.995
528 0.9
529 0.995
530 0.9
531 0.995
532 0.9
533 0.995
534 0.9
535 0.995
536 0.9
537 0.995
538 0.9
539 0.995
540 0.9
541 0.995
542 0.9
543 0.995
544 0.9
545 0.995
546 0.9
547 0.995
548 0.9
549 0.995
550 0.9
551 0.995
552 0.9
553 0.995
554 0.9
555 0.995
556 0.9
557 0.995
558 0.9
559 0.995
560 0.9
561 0.995
562 0.9
563 0.995
564 0.9
565 0.995
566 0.9
567 0.995
568 0.9
569 0.995
570 0.9
571 0.995
572 0.9
573 0.995
574 0.9
575 0.995
576 0.9
577 0.995
578 0.9
579 0.995
580 0.9
581 0.995
582 0.9
583 0.995
584 0.9
585 0.995
586 0.9
587 0.995
588 0.9
589 0.995
590 0.9
591 0.995
592 0.9
593 0.995
594 0.9
595 0.995
596 0.9
597 0.995
598 0.9
599 0.995
600 0.9
